216 runs in 225.7s on 14 workers
variant   alpha book_spr  mm_spr  pnl/fill  capture   advsel inf_edge  GM h* |mid-V|
fixed      0.00     5.48    5.66     2.210    2.758   -0.605     0.00   0.00   49.33
fixed      0.05     5.42    5.65     2.121    2.730   -0.680    25.05   1.45   24.85
fixed      0.10     5.36    5.65     2.017    2.706   -0.759    12.47   1.26   11.98
fixed      0.15     5.29    5.65     1.912    2.678   -0.821     8.67   1.10    7.58
fixed      0.20     5.23    5.65     1.814    2.649   -0.873     6.47   0.95    5.47
fixed      0.30     5.06    5.66     1.609    2.580   -0.995     4.06   0.74    3.41
fixed      0.40     4.84    5.64     1.399    2.478   -1.089     2.93   0.62    2.46
fixed      0.50     4.58    5.67     1.154    2.339   -1.183     2.25   0.57    1.95
fixed      0.60     4.31    5.69     0.881    2.157   -1.266     1.85   0.57    1.63
adaptive   0.00     6.66    6.85     2.803    3.348   -0.604     0.00   0.00   50.74
adaptive   0.05     6.75    7.00     2.789    3.402   -0.677    24.50   1.47   24.44
adaptive   0.10     6.85    7.16     2.769    3.453   -0.754    12.69   1.32   12.38
adaptive   0.15     6.90    7.28     2.723    3.487   -0.819     9.02   1.15    8.09
adaptive   0.20     6.93    7.39     2.676    3.509   -0.872     6.80   0.98    5.89
adaptive   0.30     6.96    7.61     2.579    3.541   -0.987     4.35   0.75    3.85
adaptive   0.40     6.91    7.80     2.449    3.525   -1.085     3.20   0.61    2.91
adaptive   0.50     6.73    7.99     2.259    3.439   -1.178     2.55   0.54    2.39
adaptive   0.60     6.48    8.16     2.003    3.287   -1.263     2.21   0.54    2.06
naive      0.00     5.12    5.65     1.700    2.610   -1.005     0.00   0.00   52.50
naive      0.05     5.12    5.65     1.701    2.613   -1.020    22.65   1.29   22.35
naive      0.10     5.12    5.65     1.686    2.609   -1.026    11.09   1.09   10.60
naive      0.15     5.11    5.65     1.672    2.606   -1.017     8.06   1.02    7.14
naive      0.20     5.09    5.65     1.655    2.598   -1.009     6.10   0.89    5.21
naive      0.30     5.06    5.66     1.609    2.580   -0.995     4.06   0.74    3.41
naive      0.40     5.00    5.65     1.554    2.550   -0.979     3.09   0.64    2.52
naive      0.50     4.93    5.66     1.466    2.511   -0.991     2.59   0.61    2.06
naive      0.60     4.84    5.66     1.353    2.467   -1.045     2.36   0.64    1.78
